['ball_mover_l', 0.17095856809116977, -0.12228984229377543, -1.821944199768666e-05, 0.004265506430980036, -0.0008249696346043624, -1.8835974385334795, 1.0, 1.0, 1.0]
['ball_mover_r', -0.17095856368541718, 0.12228984385728836, 1.8219441699329764e-05, 0.004265506430980036, -0.0008249696346043624, -1.8835974385334795, 1.0, 1.0, 1.0]
['bigtoe_distal_phalange_mover_l', 2.1316282072803005e-16, -1.3322676295501878e-16, 0.0, 0.0, 0.0, 7.951386703658792e-15, 1.0, 1.0, 1.0]
['bigtoe_distal_phalange_mover_r', -0.0, -0.0, -0.0, 0.0, 0.0, 7.951386703658792e-15, 1.0, 1.0, 1.0]
['bigtoe_metatarsal_mover_l', 2.6645352591003756e-16, 4.263256414560601e-16, 3.552713678800501e-16, 5.3174898580718184e-15, 3.8502105304122804e-14, 4.52235118770594e-15, 1.0, 1.0, 1.0]
['bigtoe_metatarsal_mover_r', -2.664535364979494e-16, -4.2632563192693945e-16, -3.55271373174006e-16, 5.3174898580718184e-15, 3.8502105304122804e-14, 4.52235118770594e-15, 1.0, 1.0, 1.0]
['bigtoe_proximal_phalange_mover_l', 4.973799150320702e-16, -1.4210854715202004e-16, 6.039613253960852e-16, -1.7393658414253602e-14, 2.5146260450320932e-14, 2.1592984517123405e-14, 1.0, 1.0, 1.0]
['bigtoe_proximal_phalange_mover_r', -0.0, -0.0, -0.0, -1.7393658414253602e-14, 2.5146260450320932e-14, 2.1592984517123405e-14, 1.0, 1.0, 1.0]
['calf_mover_l', 0.007649390400138856, 0.001105897660787356, 0.00010111208973366815, -5.690083366880272, 1.0372227105714285, 0.6136421831466286, 1.0, 1.0, 1.0]
['calf_mover_r', -0.007649390492588282, -0.0011058977106586099, -0.00010111209121532738, -5.690083366880272, 1.0372227105714285, 0.6136421831466286, 1.0, 1.0, 1.0]
['calf_twist_01_mover_l', 0.5424677487858021, 0.00836592313333295, -0.002099613292289462, 0.32356082228807115, -0.2190846890238332, -0.8729824320295776, 1.0, 1.0, 1.0]
['calf_twist_01_mover_r', -0.5424677729606628, -0.008365923538804054, 0.002099613193422556, 0.32356082228807115, -0.2190846890238332, -0.8729824320295776, 1.0, 1.0, 1.0]
['camera_mover', -1.4701919616661454e-16, 0.35709819934579107, 0.4860686533005067, 10.0, 0.0, 0.0, 1.0, 1.0, 1.0]
['clavicle_mover_l', 0.0426999999999848, -0.12199999999999996, -0.06939999999998975, 1.5410745147820013, 8.978841372062904, 26.787523624539233, 1.0, 1.0, 1.0]
['clavicle_mover_r', -0.04270000010728836, 0.12200000137090683, 0.06939999759197235, 1.5410745147820013, 8.978841372062904, 26.787523624539233, 1.0, 1.0, 1.0]
['foot_mover_l', 0.01358703471099293, -0.0019593822200677556, 0.00022724463412146178, -12.237285012888087, 4.326251697781221, -1.0750427373552283, 1.0, 1.0, 1.0]
['foot_mover_r', -0.013587034307420254, 0.0019593823235481977, -0.0002272446290589869, -12.237285012888087, 4.326251697781221, -1.0750427373552283, 1.0, 1.0, 1.0]
['hand_mid_pivot_mover_l', 0.0, 0.0, 0.0, 0.0, 0.0, 0.0, 1.0, 1.0, 1.0]
['hand_mid_pivot_mover_r', 0.0, 0.0, 0.0, 0.0, 0.0, 0.0, 1.0, 1.0, 1.0]
['hand_mover_l', -0.018275029700912455, 0.001052744565890862, 3.016008776057788e-11, 11.894105113183889, 0.48914186621416444, -0.8109465077218329, 1.0, 1.0, 1.0]
['hand_mover_r', 0.018275029957294464, -0.0010527445701882243, -3.016008623402122e-11, 11.894105113183889, 0.48914186621416444, -0.8109465077218329, 1.0, 1.0, 1.0]
['hand_pinky_pivot_mover_l', 0.0, 0.0, 0.0, 0.0, 0.0, 0.0, 1.0, 1.0, 1.0]
['hand_pinky_pivot_mover_r', 0.0, 0.0, 0.0, 0.0, 0.0, 0.0, 1.0, 1.0, 1.0]
['hand_thumb_pivot_mover_l', 0.0, 0.0, 0.0, 0.0, 0.0, 0.0, 1.0, 1.0, 1.0]
['hand_thumb_pivot_mover_r', 0.0, -0.0, -0.0, 0.0, 0.0, 0.0, 1.0, 1.0, 1.0]
['hand_tip_pivot_mover_l', 0.0, 0.0, 0.0, 0.0, 0.0, 0.0, 1.0, 1.0, 1.0]
['hand_tip_pivot_mover_r', 0.0, 0.0, 0.0, 0.0, 0.0, 0.0, 1.0, 1.0, 1.0]
['head_mover', -0.01521596977054685, 0.009613613652159174, 2.377681695947624e-17, 0.0, 0.0, -3.1805546814635168e-15, 1.0, 1.0, 1.0]
['heel_pivot_l_mover', -0.12911779401449136, 0.0641901476384828, -0.0034031304189975926, 0.0, 0.0, 0.0, 1.0, 1.0, 1.0]
['heel_pivot_r_mover', -0.12911778688430786, 0.06419014930725098, 0.003403130453079939, -0.0, -0.0, 0.0, 1.0, 1.0, 1.0]
['index_01_mover_l', 0.047402718982006105, 0.038690651852364796, 0.007211538501039865, 6.4689913576772895, -9.418361465377004, 25.465309967304584, 1.0, 1.0, 1.0]
['index_01_mover_r', -0.04740271717309952, -0.03869065269827843, -0.0072115384973585606, 6.4689913576772895, -9.418361465377004, 25.465309967304584, 1.0, 1.0, 1.0]
['index_02_mover_l', 0.006236086456871419, 0.002351261040202246, 0.002053822028301191, 1.1713966487732048, -1.2590146940976237, 10.215036675963843, 1.0, 1.0, 1.0]
['index_02_mover_r', -0.0062360865995287895, -0.0023512609768658876, -0.002053821925073862, 1.1713966487732048, -1.2590146940976237, 10.215036675963843, 1.0, 1.0, 1.0]
['index_03_mover_l', 0.01705515540039329, -0.0037470109544892696, -0.0034315429472316695, 1.029654384480725, 1.7911970856873354, -15.729660800451013, 1.0, 1.0, 1.0]
['index_03_mover_r', -0.017055155709385872, 0.0037470110692083836, 0.0034315430093556643, 1.029654384480725, 1.7911970856873354, -15.729660800451013, 1.0, 1.0, 1.0]
['index_distal_phalange_mover_l', -3.907985046680551e-16, -1.865174681370263e-16, 1.0658141036401502e-16, -1.3262664540868416e-15, 2.7812084291515672e-14, -1.5913982669573844e-14, 1.0, 1.0, 1.0]
['index_distal_phalange_mover_r', -0.0, -0.0, -0.0, -1.3262664540868416e-15, 2.7812084291515672e-14, -1.5913982669573844e-14, 1.0, 1.0, 1.0]
['index_metacarpal_mover_l', -8.739675649849232e-15, 5.684341886080802e-16, 3.4439118223872355e-15, -0.14248766723508197, -1.0471629505525415, 8.606832808099771, 1.0, 1.0, 1.0]
['index_metacarpal_mover_r', 8.739675785374504e-15, -5.684341759025859e-16, -3.4439118732092124e-15, -0.14248766723508197, -1.0471629505525415, 8.606832808099771, 1.0, 1.0, 1.0]
['index_metatarsal_mover_l', -1.7763568394002505e-17, 1.5987211554602254e-16, 1.7763568394002506e-16, -3.622850566854538e-14, 3.3610138875113974e-14, -2.128704248965842e-14, 1.0, 1.0, 1.0]
['index_metatarsal_mover_r', 1.776356799695581e-17, -1.5987212189876965e-16, -1.77635686587003e-16, -3.622850566854538e-14, 3.3610138875113974e-14, -2.128704248965842e-14, 1.0, 1.0, 1.0]
['index_middle_phalange_mover_l', -3.907985046680551e-16, -4.440892098500626e-16, -7.105427357601002e-17, -2.540716532653474e-14, 2.6387548567589724e-14, -7.821563258698227e-15, 1.0, 1.0, 1.0]
['index_middle_phalange_mover_r', -0.0, -0.0, -0.0, -2.540716532653474e-14, 2.6387548567589724e-14, -7.821563258698227e-15, 1.0, 1.0, 1.0]
['index_proximal_phalange_mover_l', 9.237055564881303e-16, -4.174438572590589e-16, -1.0658141036401502e-16, -1.0113169963716028e-14, 4.01731389160636e-14, -3.2302508483614195e-16, 1.0, 1.0, 1.0]
['index_proximal_phalange_mover_r', -0.0, -0.0, -0.0, -1.0113169963716028e-14, 4.01731389160636e-14, -3.2302508483614195e-16, 1.0, 1.0, 1.0]
['inside_pivot_l_mover', 0.11313645990496742, -0.1294759490881517, -0.009684557356199214, 0.0, 0.0, 0.0, 1.0, 1.0, 1.0]
['inside_pivot_r_mover', 0.11313646286725998, -0.12947595119476318, 0.009684557095170021, -0.0, -0.0, 0.0, 1.0, 1.0, 1.0]
['lowerarm_mover_l', 0.005128825226307186, 0.0007716973653534254, -0.00013014136942871346, -4.507332478146135, -9.24726808599532, -21.64936646110614, 0.9054943791280871, 0.9054943791280871, 0.9054943791280871]
['lowerarm_mover_r', -0.005128825083374977, -0.0007716973777860403, 0.00013014137221034616, -4.507332478146135, -9.24726808599532, -21.64936646110614, 0.9054943791280871, 0.9054943791280871, 0.9054943791280871]
['lowerarm_twist_01_mover_l', -0.3257839094930114, 0.003553909816762477, 0.006545761620085671, 0.0, 0.0, 0.0, 1.0, 1.0, 1.0]
['lowerarm_twist_01_mover_r', 0.325783908367157, -0.0035539097152650356, -0.006545761600136757, 0.0, 0.0, 0.0, 1.0, 1.0, 1.0]
['middle_01_mover_l', 0.05140296202718396, 0.03614239681354974, 0.002852199582442179, -1.108100156036927, -2.6347003159723132, 23.291119228880266, 1.0, 1.0, 1.0]
['middle_01_mover_r', -0.05140296369791031, -0.03614239767193794, -0.002852199599146843, -1.108100156036927, -2.6347003159723132, 23.291119228880266, 1.0, 1.0, 1.0]
['middle_02_mover_l', 0.0035456495278779697, 0.0020010551680840647, -0.0028954513117080793, 0.025513549611598154, 4.421784977490097, 12.338751498502983, 1.0, 1.0, 1.0]
['middle_02_mover_r', -0.0035456495825201273, -0.002001055283471942, 0.002895451383665204, 0.025513549611598154, 4.421784977490097, 12.338751498502983, 1.0, 1.0, 1.0]
['middle_03_mover_l', 0.015867541740039143, -0.003556836636834646, -0.004209456471284483, -0.9905810030654851, -2.8401117510491254, -21.40767536359642, 1.0, 1.0, 1.0]
['middle_03_mover_r', -0.01586754247546196, 0.0035568366292864084, 0.004209456499665976, -0.9905810030654851, -2.8401117510491254, -21.40767536359642, 1.0, 1.0, 1.0]
['middle_distal_phalange_mover_l', -1.0658141036401502e-16, -3.1974423109204507e-16, -2.486899575160351e-16, -2.7805005379356845e-14, 2.39742682672852e-14, -4.7086820853142446e-15, 1.0, 1.0, 1.0]
['middle_distal_phalange_mover_r', -0.0, -0.0, -0.0, -2.7805005379356845e-14, 2.39742682672852e-14, -4.7086820853142446e-15, 1.0, 1.0, 1.0]
['middle_metacarpal_mover_l', -6.342020242300351e-12, -3.485894239929621e-10, 2.1574440012273044e-10, -0.04682223511569197, -0.6490004204004667, 8.252839368946947, 1.0, 1.0, 1.0]
['middle_metacarpal_mover_r', 6.3420202249531155e-12, 3.4858943509519236e-10, -2.1574439457161532e-10, -0.04682223511569197, -0.6490004204004667, 8.252839368946947, 1.0, 1.0, 1.0]
['middle_metatarsal_mover_l', 6.572520305780927e-16, -8.881784197001253e-17, -5.329070518200751e-16, -1.4095075336407655e-14, 1.6612496790827753e-14, 2.3512498963553515e-15, 1.0, 1.0, 1.0]
['middle_metatarsal_mover_r', -6.572520390484221e-16, 8.88178432935015e-17, 5.329070729958988e-16, -1.4095075336407655e-14, 1.6612496790827753e-14, 2.3512498963553515e-15, 1.0, 1.0, 1.0]
['middle_middle_phalange_mover_l', 5.329070518200751e-16, 3.552713678800501e-17, -3.907985046680551e-16, -1.521479209682523e-14, 6.324786017601023e-15, -7.136305623180994e-15, 1.0, 1.0, 1.0]
['middle_middle_phalange_mover_r', -0.0, -0.0, -0.0, -1.521479209682523e-14, 6.324786017601023e-15, -7.136305623180994e-15, 1.0, 1.0, 1.0]
['middle_proximal_phalange_mover_l', -7.105427357601002e-17, -5.861977570020827e-16, 3.552713678800501e-17, -2.476732717772469e-14, 1.9285218766803684e-14, -1.7093928407650846e-14, 1.0, 1.0, 1.0]
['middle_proximal_phalange_mover_r', -0.0, -0.0, -0.0, -2.476732717772469e-14, 1.9285218766803684e-14, -1.7093928407650846e-14, 1.0, 1.0, 1.0]
['neck_01_mover', -0.11060943092535183, -0.0433885038650007, -1.4914942339251937e-09, 0.0, 0.0, -6.3611093629270335e-15, 1.0, 1.0, 1.0]
['outside_pivot_l_mover', 0.09165807394504974, -0.12681618888892895, -0.05608993920671236, 0.0, 0.0, 0.0, 1.0, 1.0, 1.0]
['outside_pivot_r_mover', 0.09165807068347931, -0.12681618332862854, 0.056089937686920166, -0.0, -0.0, 0.0, 1.0, 1.0, 1.0]
['pelvis_mover', 0.025465201340321642, 0.0002568582598450231, 2.7126545369097077e-16, -3.727212517340057e-17, -1.2722315788680037e-14, -7.454425034680116e-17, 1.0, 1.0, 1.0]
['pinky_01_mover_l', 0.04786565567679283, 0.056097681166198184, -0.0033647324545155845, -10.88518049842836, -4.047852944455803, 22.151692493735364, 1.0, 1.0, 1.0]
['pinky_01_mover_r', -0.04786565527319908, -0.05609768256545067, 0.00336473248898983, -10.88518049842836, -4.047852944455803, 22.151692493735364, 1.0, 1.0, 1.0]
['pinky_02_mover_l', 0.0021248653004781203, -0.001957588083122346, 0.00019004520771687795, 0.6280831284778108, -1.2293237136299224, 11.217724266153445, 1.0, 1.0, 1.0]
['pinky_02_mover_r', -0.0021248653065413237, 0.001957588130608201, -0.000190045204362832, 0.6280831284778108, -1.2293237136299224, 11.217724266153445, 1.0, 1.0, 1.0]
['pinky_03_mover_l', 0.008234089816896243, -0.012726393345598695, -0.0010039609554314312, 0.3252000312371871, 4.989560813742237, -13.28541955477754, 1.0, 1.0, 1.0]
['pinky_03_mover_r', -0.00823409017175436, 0.012726393528282642, 0.001003960962407291, 0.3252000312371871, 4.989560813742237, -13.28541955477754, 1.0, 1.0, 1.0]
['pinky_distal_phalange_mover_l', 1.2434497875801754e-15, -1.7763568394002506e-16, -7.815970093361102e-16, -4.969616689786765e-16, 3.0432690204081577e-14, -7.945174682796557e-15, 1.0, 1.0, 1.0]
['pinky_distal_phalange_mover_r', -0.0, -0.0, -0.0, -4.969616689786765e-16, 3.0432690204081577e-14, -7.945174682796557e-15, 1.0, 1.0, 1.0]
['pinky_metacarpal_mover_l', 6.346212444441335e-12, -3.9445893662559686e-10, 1.6411021874773723e-10, -0.517039166182548, -2.1180400022879846, 15.217604766770808, 1.0, 1.0, 1.0]
['pinky_metacarpal_mover_r', -6.3462126179136824e-12, 3.9445893773581986e-10, -1.6411022540907538e-10, -0.517039166182548, -2.1180400022879846, 15.217604766770808, 1.0, 1.0, 1.0]
['pinky_metatarsal_mover_l', 4.618527782440651e-16, -1.7763568394002506e-16, -8.526512829121202e-16, -4.9938435711494556e-14, 1.8821646709959513e-14, -9.092457285790304e-15, 1.0, 1.0, 1.0]
['pinky_metatarsal_mover_r', -4.618527613034062e-16, 1.77635686587003e-16, 8.526512638538789e-16, -4.9938435711494556e-14, 1.8821646709959513e-14, -9.092457285790304e-15, 1.0, 1.0, 1.0]
['pinky_middle_phalange_mover_l', -4.618527782440651e-16, -1.2434497875801754e-16, 7.105427357601002e-16, 0.0, 0.0, -6.3611093629270335e-15, 1.0, 1.0, 1.0]
['pinky_middle_phalange_mover_r', -0.0, -0.0, -0.0, 0.0, 0.0, -6.3611093629270335e-15, 1.0, 1.0, 1.0]
['pinky_proximal_phalange_mover_l', 0.0, -5.995204332975846e-16, 0.0, 1.6166784293962494e-15, 1.471982021577899e-14, -5.589071645142584e-15, 1.0, 1.0, 1.0]
['pinky_proximal_phalange_mover_r', -0.0, -0.0, -0.0, 1.6166784293962494e-15, 1.471982021577899e-14, -5.589071645142584e-15, 1.0, 1.0, 1.0]
['ring_01_mover_l', 0.05667372867694809, 0.045321036569357605, 0.0056817207227235714, -9.075728697468778, -1.4294603971570201, 23.30216433384826, 1.0, 1.0, 1.0]
['ring_01_mover_r', -0.05667372792959213, -0.045321036130189896, -0.005681720562279224, -9.075728697468778, -1.4294603971570201, 23.30216433384826, 1.0, 1.0, 1.0]
['ring_02_mover_l', 0.008194240982596454, 0.0016736714613801952, -0.0015263700601110132, 0.30135612250907123, -1.6697468016709722, 13.315438286084044, 1.0, 1.0, 1.0]
['ring_02_mover_r', -0.008194240741431713, -0.001673671416938305, 0.0015263700624927878, 0.30135612250907123, -1.6697468016709722, 13.315438286084044, 1.0, 1.0, 1.0]
['ring_03_mover_l', 0.01649928342709245, -0.004093883648530152, 0.0015263700728199582, -0.36076434018742015, 2.9876677503565845, -15.645562150658867, 1.0, 1.0, 1.0]
['ring_03_mover_r', -0.01649928279221058, 0.0040938835591077805, -0.0015263700624927878, -0.36076434018742015, 2.9876677503565845, -15.645562150658867, 1.0, 1.0, 1.0]
['ring_distal_phalange_mover_l', -8.881784197001252e-16, -6.572520305780927e-16, 9.592326932761353e-16, -2.57216488826853e-14, 2.2970161642296123e-14, 4.417416968309246e-15, 1.0, 1.0, 1.0]
['ring_distal_phalange_mover_r', -0.0, -0.0, -0.0, -2.57216488826853e-14, 2.2970161642296123e-14, 4.417416968309246e-15, 1.0, 1.0, 1.0]
['ring_metacarpal_mover_l', -2.7128521651320626e-12, -3.7631934901583007e-10, 1.8389236355886853e-10, -0.40389843917791735, -3.2087235252316977, 11.563752931142044, 1.0, 1.0, 1.0]
['ring_metacarpal_mover_r', 2.7128520783958887e-12, 3.763193368033768e-10, -1.8389235967308792e-10, -0.40389843917791735, -3.2087235252316977, 11.563752931142044, 1.0, 1.0, 1.0]
['ring_metatarsal_mover_l', 4.440892098500626e-16, -1.4210854715202004e-16, 3.1974423109204507e-16, -9.715600628533094e-15, 3.95581488507025e-14, -1.9611349862070947e-14, 1.0, 1.0, 1.0]
['ring_metatarsal_mover_r', -4.440892098500626e-16, 1.4210854397564648e-16, -3.197442437975393e-16, -9.715600628533094e-15, 3.95581488507025e-14, -1.9611349862070947e-14, 1.0, 1.0, 1.0]
['ring_middle_phalange_mover_l', 5.684341886080802e-16, -1.2434497875801754e-16, 8.881784197001252e-16, -1.7816075832885484e-14, 9.408105595852529e-15, -2.048452704451863e-14, 1.0, 1.0, 1.0]
['ring_middle_phalange_mover_r', -0.0, -0.0, -0.0, -1.7816075832885484e-14, 9.408105595852529e-15, -2.048452704451863e-14, 1.0, 1.0, 1.0]
['ring_proximal_phalange_mover_l', 2.486899575160351e-16, -4.929390229335695e-16, 1.0658141036401502e-16, -4.669886683183982e-14, 2.889754454850214e-14, -7.522757264164696e-15, 1.0, 1.0, 1.0]
['ring_proximal_phalange_mover_r', -0.0, -0.0, -0.0, -4.669886683183982e-14, 2.889754454850214e-14, -7.522757264164696e-15, 1.0, 1.0, 1.0]
['root_mover', 0.0, 0.0, 0.0, 0.0, 0.0, 0.0, 0.4, 0.4, 0.4]
['spine_01_mover', -0.004561846066991393, 0.035236028553666435, -1.5607717839111815e-14, 0.0, 0.0, 1.1927080055488187e-14, 1.0, 1.0, 1.0]
['spine_02_mover', 0.2209864382271428, 0.018032539020132177, 1.4915232861925073e-09, 0.0, 0.0, 0.0, 1.0, 1.0, 1.0]
['spine_03_mover', -1.7621459846850484e-14, 1.2789769243681803e-15, -1.3642420523417554e-14, 0.0, 0.0, -5.9635400277440935e-15, 1.0, 1.0, 1.0]
['thigh_mover_l', -0.09105211287929735, -0.017404730886388855, 0.00028658427129830245, 5.56465282355722, -7.101457630673782, -1.1464513892068526, 0.932404184625471, 0.932404184625471, 0.932404184625471]
['thigh_mover_r', 0.0910521149635315, 0.01740473136305809, -0.00028658428345806897, 5.56465282355722, -7.101457630673782, -1.1464513892068526, 0.932404184625471, 0.932404184625471, 0.932404184625471]
['thigh_twist_01_mover_l', -0.5823997136942464, 0.000582417552674579, -2.181975708310802e-06, -5.43867429113586, -0.00021103638904324733, -0.05633030524931218, 1.0, 1.0, 1.0]
['thigh_twist_01_mover_r', 0.5823997259140015, -0.0005824175314046443, 2.181975787607371e-06, -5.43867429113586, -0.00021103638904324733, -0.05633030524931218, 1.0, 1.0, 1.0]
['thumb_01_mover_l', 0.04181823478090962, 0.04254196420908841, 0.010508550057937783, 16.925466014736354, -3.560755081973859, 6.474770462316573, 1.0, 1.0, 1.0]
['thumb_01_mover_r', -0.04181823506951332, -0.04254196584224701, -0.010508550330996513, 16.925466014736354, -3.560755081973859, 6.474770462316573, 1.0, 1.0, 1.0]
['thumb_02_mover_l', 0.010968237697722146, 0.007453900402505411, 0.0015607246375960672, 1.6131408118722472, 9.833246192265824, 10.280110949939546, 1.0, 1.0, 1.0]
['thumb_02_mover_r', -0.010968238115310669, -0.007453900296241045, -0.0015607246896252036, 1.6131408118722472, 9.833246192265824, 10.280110949939546, 1.0, 1.0, 1.0]
['thumb_03_mover_l', 0.0018322722509856249, -0.0005993482413448703, 0.001029772141168337, 1.4227665189297416, -1.2682944695831058, -20.305167634074955, 1.0, 1.0, 1.0]
['thumb_03_mover_r', -0.001832272275350988, 0.0005993482191115618, -0.0010297721019014716, 1.4227665189297416, -1.2682944695831058, -20.305167634074955, 1.0, 1.0, 1.0]
['toe_pivot_l_mover', 0.10938283726403004, -0.09452518052646201, -0.015957424952019957, 0.0, 0.0, 0.0, 1.0, 1.0, 1.0]
['toe_pivot_r_mover', 0.10938283801078796, -0.09452518075704575, 0.0159574244171381, -0.0, -0.0, 0.0, 1.0, 1.0, 1.0]
['upperarm_mover_l', -0.08794029900521423, -0.014124198283805463, 0.10396699557319806, 24.213032606565204, -21.074846715656395, -16.69754037519594, 1.1673130515555152, 1.1673130515555152, 1.1673130515555152]
['upperarm_mover_r', 0.08794029802083969, 0.014124197885394096, -0.10396699607372284, 24.213032606565204, -21.074846715656395, -16.69754037519594, 1.1673130515555152, 1.1673130515555152, 1.1673130515555152]
['upperarm_twist_01_mover_l', 0.32499488939165505, -0.001035226984222195, -0.001533749253807457, 0.0, 0.0, 0.0, 1.0, 1.0, 1.0]
['upperarm_twist_01_mover_r', -0.32499489188194275, 0.0010352269746363163, 0.0015337492804974318, 0.0, 0.0, 0.0, 1.0, 1.0, 1.0]
['weapon_l_mover', -0.06287668684772316, -0.015530105243721984, -0.2500178950447143, 0.0, 90.0, 0.0, 1.0, 1.0, 1.0]
['weapon_r_mover', 0.06287668645381927, 0.01553010568022728, 0.2500178813934326, 0.0, 90.0, 0.0, 1.0, 1.0, 1.0]
['ball_mover_offset_l', 0.042860462994967645, 0.058611826838595595, 0.0012018596005729367, 0.0, 0.0, 0.0, 1.0, 1.0, 1.0]
['ball_mover_offset_r', -0.04286046326160431, -0.05861182510852814, -0.0012018595589324832, 0.0, 0.0, 0.0, 1.0, 1.0, 1.0]
['bigtoe_distal_phalange_mover_offset_l', 0.0, 0.0, 0.0, 0.0, 0.0, 0.0, 1.0, 1.0, 1.0]
['bigtoe_distal_phalange_mover_offset_r', -0.0, -0.0, -0.0, 0.0, 0.0, 0.0, 1.0, 1.0, 1.0]
['bigtoe_metatarsal_mover_offset_l', 0.0, 0.0, 0.0, 0.0, 0.0, 0.0, 1.0, 1.0, 1.0]
['bigtoe_metatarsal_mover_offset_r', -0.0, -0.0, -0.0, 0.0, 0.0, 0.0, 1.0, 1.0, 1.0]
['bigtoe_proximal_phalange_mover_offset_l', 0.0, 0.0, 0.0, 0.0, 0.0, 0.0, 1.0, 1.0, 1.0]
['bigtoe_proximal_phalange_mover_offset_r', -0.0, -0.0, -0.0, 0.0, 0.0, 0.0, 1.0, 1.0, 1.0]
['calf_mover_offset_l', 0.0, 0.0, 0.0, 0.0, 0.0, 0.0, 1.0, 1.0, 1.0]
['calf_mover_offset_r', -0.0, -0.0, -0.0, 0.0, 0.0, 0.0, 1.0, 1.0, 1.0]
['calf_twist_01_mover_offset_l', 0.0, 0.0, 0.0, 0.0, 0.0, 0.0, 1.0, 1.0, 1.0]
['calf_twist_01_mover_offset_r', -0.0, -0.0, -0.0, 0.0, 0.0, 0.0, 1.0, 1.0, 1.0]
['camera_mover_offset', 0.0, 0.0, 0.0, 0.0, 0.0, 0.0, 1.0, 1.0, 1.0]
['clavicle_mover_offset_l', 0.0, 0.0, 0.0, 0.0, 0.0, 0.0, 1.0, 1.0, 1.0]
['clavicle_mover_offset_r', -0.0, -0.0, -0.0, 0.0, 0.0, 0.0, 1.0, 1.0, 1.0]
['foot_mover_offset_l', 0.0, 0.0, 0.0, 0.0, 0.0, 0.0, 1.0, 1.0, 1.0]
['foot_mover_offset_r', -0.0, -0.0, -0.0, 0.0, 0.0, 0.0, 1.0, 1.0, 1.0]
['hand_mover_offset_l', 0.0, 0.0, 0.0, 0.0, 0.0, 0.0, 1.0, 1.0, 1.0]
['hand_mover_offset_r', -0.0, -0.0, -0.0, 0.0, 0.0, 0.0, 1.0, 1.0, 1.0]
['head_mover_offset', 0.0, 0.0, 0.0, 0.0, 0.0, 0.0, 1.0, 1.0, 1.0]
['index_01_mover_offset_l', 0.0, 0.0, 0.0, 0.0, 0.0, 0.0, 1.0, 1.0, 1.0]
['index_01_mover_offset_r', -0.0, -0.0, -0.0, 0.0, 0.0, 0.0, 1.0, 1.0, 1.0]
['index_02_mover_offset_l', 0.0, 0.0, 0.0, 0.0, 0.0, 0.0, 1.0, 1.0, 1.0]
['index_02_mover_offset_r', -0.0, -0.0, -0.0, 0.0, 0.0, 0.0, 1.0, 1.0, 1.0]
['index_03_mover_offset_l', 0.0, 0.0, 0.0, 0.0, 0.0, 0.0, 1.0, 1.0, 1.0]
['index_03_mover_offset_r', -0.0, -0.0, -0.0, 0.0, 0.0, 0.0, 1.0, 1.0, 1.0]
['index_distal_phalange_mover_offset_l', 0.0, 0.0, 0.0, 0.0, 0.0, 0.0, 1.0, 1.0, 1.0]
['index_distal_phalange_mover_offset_r', -0.0, -0.0, -0.0, 0.0, 0.0, 0.0, 1.0, 1.0, 1.0]
['index_metacarpal_mover_offset_l', 0.0, 0.0, 0.0, 0.0, 0.0, 0.0, 1.0, 1.0, 1.0]
['index_metacarpal_mover_offset_r', -0.0, -0.0, -0.0, 0.0, 0.0, 0.0, 1.0, 1.0, 1.0]
['index_metatarsal_mover_offset_l', 0.0, 0.0, 0.0, 0.0, 0.0, 0.0, 1.0, 1.0, 1.0]
['index_metatarsal_mover_offset_r', -0.0, -0.0, -0.0, 0.0, 0.0, 0.0, 1.0, 1.0, 1.0]
['index_middle_phalange_mover_offset_l', 0.0, 0.0, 0.0, 0.0, 0.0, 0.0, 1.0, 1.0, 1.0]
['index_middle_phalange_mover_offset_r', -0.0, -0.0, -0.0, 0.0, 0.0, 0.0, 1.0, 1.0, 1.0]
['index_proximal_phalange_mover_offset_l', 0.0, 0.0, 0.0, 0.0, 0.0, 0.0, 1.0, 1.0, 1.0]
['index_proximal_phalange_mover_offset_r', -0.0, -0.0, -0.0, 0.0, 0.0, 0.0, 1.0, 1.0, 1.0]
['lowerarm_mover_offset_l', 0.0, 0.0, 0.0, 0.0, 0.0, 0.0, 1.0, 1.0, 1.0]
['lowerarm_mover_offset_r', -0.0, -0.0, -0.0, 0.0, 0.0, 0.0, 1.0, 1.0, 1.0]
['lowerarm_twist_01_mover_offset_l', 0.0, 0.0, 0.0, 0.0, 0.0, 0.0, 1.0, 1.0, 1.0]
['lowerarm_twist_01_mover_offset_r', -0.0, -0.0, -0.0, 0.0, 0.0, 0.0, 1.0, 1.0, 1.0]
['middle_01_mover_offset_l', 0.0, 0.0, 0.0, 0.0, 0.0, 0.0, 1.0, 1.0, 1.0]
['middle_01_mover_offset_r', -0.0, -0.0, -0.0, 0.0, 0.0, 0.0, 1.0, 1.0, 1.0]
['middle_02_mover_offset_l', 0.0, 0.0, 0.0, 0.0, 0.0, 0.0, 1.0, 1.0, 1.0]
['middle_02_mover_offset_r', -0.0, -0.0, -0.0, 0.0, 0.0, 0.0, 1.0, 1.0, 1.0]
['middle_03_mover_offset_l', 0.0, 0.0, 0.0, 0.0, 0.0, 0.0, 1.0, 1.0, 1.0]
['middle_03_mover_offset_r', -0.0, -0.0, -0.0, 0.0, 0.0, 0.0, 1.0, 1.0, 1.0]
['middle_distal_phalange_mover_offset_l', 0.0, 0.0, 0.0, 0.0, 0.0, 0.0, 1.0, 1.0, 1.0]
['middle_distal_phalange_mover_offset_r', -0.0, -0.0, -0.0, 0.0, 0.0, 0.0, 1.0, 1.0, 1.0]
['middle_metacarpal_mover_offset_l', 0.0, 0.0, 0.0, 0.0, 0.0, 0.0, 1.0, 1.0, 1.0]
['middle_metacarpal_mover_offset_r', -0.0, -0.0, -0.0, 0.0, 0.0, 0.0, 1.0, 1.0, 1.0]
['middle_metatarsal_mover_offset_l', 0.0, 0.0, 0.0, 0.0, 0.0, 0.0, 1.0, 1.0, 1.0]
['middle_metatarsal_mover_offset_r', -0.0, -0.0, -0.0, 0.0, 0.0, 0.0, 1.0, 1.0, 1.0]
['middle_middle_phalange_mover_offset_l', 0.0, 0.0, 0.0, 0.0, 0.0, 0.0, 1.0, 1.0, 1.0]
['middle_middle_phalange_mover_offset_r', -0.0, -0.0, -0.0, 0.0, 0.0, 0.0, 1.0, 1.0, 1.0]
['middle_proximal_phalange_mover_offset_l', 0.0, 0.0, 0.0, 0.0, 0.0, 0.0, 1.0, 1.0, 1.0]
['middle_proximal_phalange_mover_offset_r', -0.0, -0.0, -0.0, 0.0, 0.0, 0.0, 1.0, 1.0, 1.0]
['neck_01_mover_offset', 0.0, 0.0, 0.0, 0.0, 0.0, 0.0, 1.0, 1.0, 1.0]
['pelvis_mover_offset', 0.0, 0.0, 0.0, 0.0, 0.0, 0.0, 1.0, 1.0, 1.0]
['pinky_01_mover_offset_l', 0.0, 0.0, 0.0, 0.0, 0.0, 0.0, 1.0, 1.0, 1.0]
['pinky_01_mover_offset_r', -0.0, -0.0, -0.0, 0.0, 0.0, 0.0, 1.0, 1.0, 1.0]
['pinky_02_mover_offset_l', 0.0, 0.0, 0.0, 0.0, 0.0, 0.0, 1.0, 1.0, 1.0]
['pinky_02_mover_offset_r', -0.0, -0.0, -0.0, 0.0, 0.0, 0.0, 1.0, 1.0, 1.0]
['pinky_03_mover_offset_l', 0.0, 0.0, 0.0, 0.0, 0.0, 0.0, 1.0, 1.0, 1.0]
['pinky_03_mover_offset_r', -0.0, -0.0, -0.0, 0.0, 0.0, 0.0, 1.0, 1.0, 1.0]
['pinky_distal_phalange_mover_offset_l', 0.0, 0.0, 0.0, 0.0, 0.0, 0.0, 1.0, 1.0, 1.0]
['pinky_distal_phalange_mover_offset_r', -0.0, -0.0, -0.0, 0.0, 0.0, 0.0, 1.0, 1.0, 1.0]
['pinky_metacarpal_mover_offset_l', 0.0, 0.0, 0.0, 0.0, 0.0, 0.0, 1.0, 1.0, 1.0]
['pinky_metacarpal_mover_offset_r', -0.0, -0.0, -0.0, 0.0, 0.0, 0.0, 1.0, 1.0, 1.0]
['pinky_metatarsal_mover_offset_l', 0.0, 0.0, 0.0, 0.0, 0.0, 0.0, 1.0, 1.0, 1.0]
['pinky_metatarsal_mover_offset_r', -0.0, -0.0, -0.0, 0.0, 0.0, 0.0, 1.0, 1.0, 1.0]
['pinky_middle_phalange_mover_offset_l', 0.0, 0.0, 0.0, 0.0, 0.0, 0.0, 1.0, 1.0, 1.0]
['pinky_middle_phalange_mover_offset_r', -0.0, -0.0, -0.0, 0.0, 0.0, 0.0, 1.0, 1.0, 1.0]
['pinky_proximal_phalange_mover_offset_l', 0.0, 0.0, 0.0, 0.0, 0.0, 0.0, 1.0, 1.0, 1.0]
['pinky_proximal_phalange_mover_offset_r', -0.0, -0.0, -0.0, 0.0, 0.0, 0.0, 1.0, 1.0, 1.0]
['ring_01_mover_offset_l', 0.0, 0.0, 0.0, 0.0, 0.0, 0.0, 1.0, 1.0, 1.0]
['ring_01_mover_offset_r', -0.0, -0.0, -0.0, 0.0, 0.0, 0.0, 1.0, 1.0, 1.0]
['ring_02_mover_offset_l', 0.0, 0.0, 0.0, 0.0, 0.0, 0.0, 1.0, 1.0, 1.0]
['ring_02_mover_offset_r', -0.0, -0.0, -0.0, 0.0, 0.0, 0.0, 1.0, 1.0, 1.0]
['ring_03_mover_offset_l', 0.0, 0.0, 0.0, 0.0, 0.0, 0.0, 1.0, 1.0, 1.0]
['ring_03_mover_offset_r', -0.0, -0.0, -0.0, 0.0, 0.0, 0.0, 1.0, 1.0, 1.0]
['ring_distal_phalange_mover_offset_l', 0.0, 0.0, 0.0, 0.0, 0.0, 0.0, 1.0, 1.0, 1.0]
['ring_distal_phalange_mover_offset_r', -0.0, -0.0, -0.0, 0.0, 0.0, 0.0, 1.0, 1.0, 1.0]
['ring_metacarpal_mover_offset_l', 0.0, 0.0, 0.0, 0.0, 0.0, 0.0, 1.0, 1.0, 1.0]
['ring_metacarpal_mover_offset_r', -0.0, -0.0, -0.0, 0.0, 0.0, 0.0, 1.0, 1.0, 1.0]
['ring_metatarsal_mover_offset_l', 0.0, 0.0, 0.0, 0.0, 0.0, 0.0, 1.0, 1.0, 1.0]
['ring_metatarsal_mover_offset_r', -0.0, -0.0, -0.0, 0.0, 0.0, 0.0, 1.0, 1.0, 1.0]
['ring_middle_phalange_mover_offset_l', 0.0, 0.0, 0.0, 0.0, 0.0, 0.0, 1.0, 1.0, 1.0]
['ring_middle_phalange_mover_offset_r', -0.0, -0.0, -0.0, 0.0, 0.0, 0.0, 1.0, 1.0, 1.0]
['ring_proximal_phalange_mover_offset_l', 0.0, 0.0, 0.0, 0.0, 0.0, 0.0, 1.0, 1.0, 1.0]
['ring_proximal_phalange_mover_offset_r', -0.0, -0.0, -0.0, 0.0, 0.0, 0.0, 1.0, 1.0, 1.0]
['spine_01_mover_offset', 0.0, 0.0, 0.0, 0.0, 0.0, 0.0, 1.0, 1.0, 1.0]
['spine_02_mover_offset', 0.0, 0.0, 0.0, 0.0, 0.0, 0.0, 1.0, 1.0, 1.0]
['spine_03_mover_offset', 0.0, 0.0, 0.0, 0.0, 0.0, 0.0, 1.0, 1.0, 1.0]
['thigh_mover_offset_l', 0.0, 0.0, 0.0, 0.0, 0.0, 0.0, 1.0, 1.0, 1.0]
['thigh_mover_offset_r', -0.0, -0.0, -0.0, 0.0, 0.0, 0.0, 1.0, 1.0, 1.0]
['thigh_twist_01_mover_offset_l', 0.0, 0.0, 0.0, 0.0, 0.0, 0.0, 1.0, 1.0, 1.0]
['thigh_twist_01_mover_offset_r', -0.0, -0.0, -0.0, 0.0, 0.0, 0.0, 1.0, 1.0, 1.0]
['thumb_01_mover_offset_l', 0.0, 0.0, 0.0, 0.0, 0.0, 0.0, 1.0, 1.0, 1.0]
['thumb_01_mover_offset_r', -0.0, -0.0, -0.0, 0.0, 0.0, 0.0, 1.0, 1.0, 1.0]
['thumb_02_mover_offset_l', 0.0, 0.0, 0.0, 0.0, 0.0, 0.0, 1.0, 1.0, 1.0]
['thumb_02_mover_offset_r', -0.0, -0.0, -0.0, 0.0, 0.0, 0.0, 1.0, 1.0, 1.0]
['thumb_03_mover_offset_l', 0.0, 0.0, 0.0, 0.0, 0.0, 0.0, 1.0, 1.0, 1.0]
['thumb_03_mover_offset_r', -0.0, -0.0, -0.0, 0.0, 0.0, 0.0, 1.0, 1.0, 1.0]
['upperarm_mover_offset_l', 0.0, 0.0, 0.0, 0.0, 0.0, 0.0, 1.0, 1.0, 1.0]
['upperarm_mover_offset_r', -0.0, -0.0, -0.0, 0.0, 0.0, 0.0, 1.0, 1.0, 1.0]
['upperarm_twist_01_mover_offset_l', 0.0, 0.0, 0.0, 0.0, 0.0, 0.0, 1.0, 1.0, 1.0]
['upperarm_twist_01_mover_offset_r', -0.0, -0.0, -0.0, 0.0, 0.0, 0.0, 1.0, 1.0, 1.0]
['weapon_l_mover_offset', 0.0, 0.0, 0.0, 0.0, 0.0, 0.0, 1.0, 1.0, 1.0]
['weapon_r_mover_offset', 0.0, 0.0, 0.0, 0.0, 0.0, 0.0, 1.0, 1.0, 1.0]
['ball_geo_mover_l', 0.0, 0.0, 0.0, 0.0, 0.0, 0.0, 1.0, 1.0, 1.0]
['ball_geo_mover_r', -0.0, -0.0, -0.0, 0.0, 0.0, 0.0, 1.0, 1.0, 1.0]
['calf_geo_mover_l', 0.0, 0.0, 0.0, 0.0, 0.0, 0.0, 1.0, 1.0, 1.0]
['calf_geo_mover_r', -0.0, -0.0, -0.0, 0.0, 0.0, 0.0, 1.0, 1.0, 1.0]
['calf_twist_01_geo_mover_l', 0.0, 0.0, 0.0, 0.0, 0.0, 0.0, 1.0, 1.0, 1.0]
['calf_twist_01_geo_mover_r', -0.0, -0.0, -0.0, 0.0, 0.0, 0.0, 1.0, 1.0, 1.0]
['camera_geo_mover', 0.0, 0.0, 0.0, 0.0, 0.0, 0.0, 1.0, 1.0, 1.0]
['clavicle_geo_mover_l', 0.0, 0.0, 0.0, 0.0, 0.0, 0.0, 1.0, 1.0, 1.0]
['clavicle_geo_mover_r', -0.0, -0.0, -0.0, 0.0, 0.0, 0.0, 1.0, 1.0, 1.0]
['foot_geo_mover_l', 0.0, 0.0, 0.0, 0.0, 0.0, 0.0, 1.0, 1.0, 1.0]
['foot_geo_mover_r', -0.0, -0.0, -0.0, 0.0, 0.0, 0.0, 1.0, 1.0, 1.0]
['hand_geo_mover_l', 0.0, 0.0, 0.0, 0.0, 0.0, 0.0, 1.0, 1.0, 1.0]
['hand_geo_mover_r', -0.0, -0.0, -0.0, 0.0, 0.0, 0.0, 1.0, 1.0, 1.0]
['head_geo_mover', 0.0, 0.0, 0.0, 0.0, 0.0, 0.0, 1.0, 1.0, 1.0]
['index_01_geo_mover_l', 0.0, 0.0, 0.0, 0.0, 0.0, 0.0, 1.0, 1.0, 1.0]
['index_01_geo_mover_r', -0.0, -0.0, -0.0, 0.0, 0.0, 0.0, 1.0, 1.0, 1.0]
['index_02_geo_mover_l', 0.0, 0.0, 0.0, 0.0, 0.0, 0.0, 1.0, 1.0, 1.0]
['index_02_geo_mover_r', -0.0, -0.0, -0.0, 0.0, 0.0, 0.0, 1.0, 1.0, 1.0]
['index_03_geo_mover_l', 0.0, 0.0, 0.0, 0.0, 0.0, 0.0, 1.0, 1.0, 1.0]
['index_03_geo_mover_r', -0.0, -0.0, -0.0, 0.0, 0.0, 0.0, 1.0, 1.0, 1.0]
['lowerarm_geo_mover_l', 0.0, 0.0, 0.0, 0.0, 0.0, 0.0, 1.0, 1.0, 1.0]
['lowerarm_geo_mover_r', -0.0, -0.0, -0.0, 0.0, 0.0, 0.0, 1.0, 1.0, 1.0]
['lowerarm_twist_01_geo_mover_l', 0.0, 0.0, 0.0, 0.0, 0.0, 0.0, 1.0, 1.0, 1.0]
['lowerarm_twist_01_geo_mover_r', -0.0, -0.0, -0.0, 0.0, 0.0, 0.0, 1.0, 1.0, 1.0]
['middle_01_geo_mover_l', 0.0, 0.0, 0.0, 0.0, 0.0, 0.0, 1.0, 1.0, 1.0]
['middle_01_geo_mover_r', -0.0, -0.0, -0.0, 0.0, 0.0, 0.0, 1.0, 1.0, 1.0]
['middle_02_geo_mover_l', 0.0, 0.0, 0.0, 0.0, 0.0, 0.0, 1.0, 1.0, 1.0]
['middle_02_geo_mover_r', -0.0, -0.0, -0.0, 0.0, 0.0, 0.0, 1.0, 1.0, 1.0]
['middle_03_geo_mover_l', 0.0, 0.0, 0.0, 0.0, 0.0, 0.0, 1.0, 1.0, 1.0]
['middle_03_geo_mover_r', -0.0, -0.0, -0.0, 0.0, 0.0, 0.0, 1.0, 1.0, 1.0]
['neck_01_geo_mover', 0.0, 0.0, 0.0, 0.0, 0.0, 0.0, 1.0, 1.0, 1.0]
['pelvis_geo_mover', 0.0, 0.0, 0.0, 0.0, 0.0, 0.0, 1.0, 1.0, 1.0]
['pinky_01_geo_mover_l', 0.0, 0.0, 0.0, 0.0, 0.0, 0.0, 1.0, 1.0, 1.0]
['pinky_01_geo_mover_r', -0.0, -0.0, -0.0, 0.0, 0.0, 0.0, 1.0, 1.0, 1.0]
['pinky_02_geo_mover_l', 0.0, 0.0, 0.0, 0.0, 0.0, 0.0, 1.0, 1.0, 1.0]
['pinky_02_geo_mover_r', -0.0, -0.0, -0.0, 0.0, 0.0, 0.0, 1.0, 1.0, 1.0]
['pinky_03_geo_mover_l', 0.0, 0.0, 0.0, 0.0, 0.0, 0.0, 1.0, 1.0, 1.0]
['pinky_03_geo_mover_r', -0.0, -0.0, -0.0, 0.0, 0.0, 0.0, 1.0, 1.0, 1.0]
['ring_01_geo_mover_l', 0.0, 0.0, 0.0, 0.0, 0.0, 0.0, 1.0, 1.0, 1.0]
['ring_01_geo_mover_r', -0.0, -0.0, -0.0, 0.0, 0.0, 0.0, 1.0, 1.0, 1.0]
['ring_02_geo_mover_l', 0.0, 0.0, 0.0, 0.0, 0.0, 0.0, 1.0, 1.0, 1.0]
['ring_02_geo_mover_r', -0.0, -0.0, -0.0, 0.0, 0.0, 0.0, 1.0, 1.0, 1.0]
['ring_03_geo_mover_l', 0.0, 0.0, 0.0, 0.0, 0.0, 0.0, 1.0, 1.0, 1.0]
['ring_03_geo_mover_r', -0.0, -0.0, -0.0, 0.0, 0.0, 0.0, 1.0, 1.0, 1.0]
['spine_01_geo_mover', 0.0, 0.0, 0.0, 0.0, 0.0, 0.0, 1.0, 1.0, 1.0]
['spine_02_geo_mover', 0.0, 0.0, 0.0, 0.0, 0.0, 0.0, 1.0, 1.0, 1.0]
['spine_03_geo_mover', 0.0, 0.0, 0.0, 0.0, 0.0, 0.0, 1.0, 1.0, 1.0]
['thigh_geo_mover_l', 0.0, 0.0, 0.0, 0.0, 0.0, 0.0, 1.0, 1.0, 1.0]
['thigh_geo_mover_r', -0.0, -0.0, -0.0, 0.0, 0.0, 0.0, 1.0, 1.0, 1.0]
['thigh_twist_01_geo_mover_l', 0.0, 0.0, 0.0, 0.0, 0.0, 0.0, 1.0, 1.0, 1.0]
['thigh_twist_01_geo_mover_r', -0.0, -0.0, -0.0, 0.0, 0.0, 0.0, 1.0, 1.0, 1.0]
['thumb_01_geo_mover_l', 0.0, 0.0, 0.0, 0.0, 0.0, 0.0, 1.0, 1.0, 1.0]
['thumb_01_geo_mover_r', -0.0, -0.0, -0.0, 0.0, 0.0, 0.0, 1.0, 1.0, 1.0]
['thumb_02_geo_mover_l', 0.0, 0.0, 0.0, 0.0, 0.0, 0.0, 1.0, 1.0, 1.0]
['thumb_02_geo_mover_r', -0.0, -0.0, -0.0, 0.0, 0.0, 0.0, 1.0, 1.0, 1.0]
['thumb_03_geo_mover_l', 0.0, 0.0, 0.0, 0.0, 0.0, 0.0, 1.0, 1.0, 1.0]
['thumb_03_geo_mover_r', -0.0, -0.0, -0.0, 0.0, 0.0, 0.0, 1.0, 1.0, 1.0]
['upperarm_geo_mover_l', 0.0, 0.0, 0.0, 0.0, 0.0, 0.0, 1.0, 1.0, 1.0]
['upperarm_geo_mover_r', -0.0, -0.0, -0.0, 0.0, 0.0, 0.0, 1.0, 1.0, 1.0]
['upperarm_twist_01_geo_mover_l', 0.0, 0.0, 0.0, 0.0, 0.0, 0.0, 1.0, 1.0, 1.0]
['upperarm_twist_01_geo_mover_r', -0.0, -0.0, -0.0, 0.0, 0.0, 0.0, 1.0, 1.0, 1.0]
['weapon_l_geo_mover', 0.0, 0.0, 0.0, 0.0, 0.0, 0.0, 1.0, 1.0, 1.0]
['weapon_r_geo_mover', -0.0, -0.0, -0.0, 0.0, 0.0, 0.0, 1.0, 1.0, 1.0]
